jpco_1_1_011001.txt : 3.5
jpco_1_1_015001.txt : 4.75
jpco_1_1_015003.txt : 3.4
jpco_1_1_015004.txt : 5.25
jpco_1_1_015007.txt : 2.111111111111111
jpco_1_1_015008.txt : 3.3333333333333335
jpco_1_1_015009.txt : 3.6666666666666665
jpco_1_2_021001.txt : 3.5
jpco_1_2_021002.txt : 4.8
jpco_1_2_025001.txt : 4.0
