jpco_1_1_011001.txt : 8.666666666666666
jpco_1_1_015001.txt : 10.5
jpco_1_1_015003.txt : 8.8
jpco_1_1_015004.txt : 10.25
jpco_1_1_015007.txt : 3.7777777777777777
jpco_1_1_015008.txt : 9.666666666666666
jpco_1_1_015009.txt : 12.333333333333334
jpco_1_2_021001.txt : 8.25
jpco_1_2_021002.txt : 11.6
jpco_1_2_025001.txt : 10.333333333333334
