jpco_2_1_015006.txt : 3.3333333333333335
jpco_2_1_015007.txt : 4.75
jpco_2_1_015008.txt : 4.333333333333333
jpco_2_1_015009.txt : 4.5
jpco_2_1_015010.txt : 2.0
jpco_2_1_015011.txt : 3.125
jpco_2_1_015012.txt : 4.0
jpco_2_1_015013.txt : 8.4
jpco_2_1_015014.txt : 2.5714285714285716
jpco_2_1_015015.txt : 4.333333333333333
jpco_2_1_015016.txt : 3.6666666666666665
jpco_2_1_015017.txt : 3.6666666666666665
