jpco_2_1_015006.txt : 8.333333333333334
jpco_2_1_015007.txt : 7.25
jpco_2_1_015008.txt : 9.0
jpco_2_1_015009.txt : 10.0
jpco_2_1_015010.txt : 3.75
jpco_2_1_015011.txt : 5.75
jpco_2_1_015012.txt : 10.5
jpco_2_1_015013.txt : 14.6
jpco_2_1_015014.txt : 5.142857142857143
jpco_2_1_015015.txt : 7.0
jpco_2_1_015016.txt : 6.833333333333333
jpco_2_1_015017.txt : 8.0
