jpco_2_1_015006.txt : 1.0
jpco_2_1_015007.txt : 0.5
jpco_2_1_015008.txt : 0.5
jpco_2_1_015009.txt : 0.0
jpco_2_1_015010.txt : 0.125
jpco_2_1_015011.txt : 0.375
jpco_2_1_015012.txt : 0.75
jpco_2_1_015013.txt : 0.0
jpco_2_1_015014.txt : 0.2857142857142857
jpco_2_1_015015.txt : 0.6666666666666666
jpco_2_1_015016.txt : 0.6666666666666666
jpco_2_1_015017.txt : 1.0
