jpco_1_1_011001.txt : 0.6666666666666666
jpco_1_1_015001.txt : 1.0
jpco_1_1_015003.txt : 0.4
jpco_1_1_015004.txt : 0.25
jpco_1_1_015007.txt : 0.1111111111111111
jpco_1_1_015008.txt : 0.6666666666666666
jpco_1_1_015009.txt : 1.0
jpco_1_2_021001.txt : 0.5
jpco_1_2_021002.txt : 0.0
jpco_1_2_025001.txt : 0.6666666666666666
